Attack Power of 15 - Round 1
20 1 200
21 2 200
9 3 200
10 4 200
9 5 200
11 5 200
15 4 200
25 5 200
14 8 200
16 7 200
2 9 200
4 9 200
17 9 200
23 10 185
2 10 200
18 10 200
26 10 200
9 10 200
23 11 197
5 12 200
9 12 200
11 14 200
29 13 200
10 15 200
26 14 200
30 14 200
29 15 200
20 20 200
11 22 200
15 22 200



Attack Power of 15 - Round 2
20 2 200
22 2 200
9 3 200
10 5 200
9 5 200
11 6 200
16 4 200
25 4 200
15 8 200
17 7 200
1 9 200
5 9 200
18 9 200
23 10 170
2 11 200
19 10 200
25 10 200
10 10 200
23 11 194
6 12 200
9 13 200
11 15 200
29 12 200
10 16 200
26 13 200
30 13 200
29 14 200
20 19 200
11 21 200
15 21 200



Attack Power of 15 - Round 3
21 2 200
22 3 200
9 3 200
10 5 200
9 5 200
12 6 200
17 4 200
25 3 200
16 8 200
17 8 200
1 10 200
6 9 200
19 9 200
23 10 140
2 12 200
20 10 200
24 10 200
11 10 200
23 11 191
6 13 200
9 14 200
11 16 200
28 12 200
10 17 200
26 12 200
29 13 200
28 14 200
21 19 200
11 20 200
14 21 200



Attack Power of 15 - Round 4
21 3 200
23 3 185
9 3 200
10 5 200
9 5 200
13 6 200
18 4 200
24 3 200
16 9 200
18 8 200
1 11 200
6 10 200
20 9 200
23 10 110
3 12 200
21 10 200
24 10 200
12 10 200
23 11 188
6 14 200
9 15 200
11 17 200
28 11 200
10 18 200
25 12 200
28 13 200
27 14 200
21 18 200
11 19 200
13 21 200



Attack Power of 15 - Round 5
22 3 200
23 3 170
9 3 200
10 5 200
9 5 200
14 6 200
19 4 200
24 3 197
17 9 200
18 9 200
2 11 200
6 11 200
21 9 200
23 10 80
4 12 200
22 10 200
24 10 200
13 10 200
23 11 185
6 15 200
9 16 200
11 18 185
27 11 200
10 19 200
24 12 200
27 13 200
26 14 200
21 17 200
11 19 194
13 20 200



Attack Power of 15 - Round 6
22 4 200
23 3 155
9 3 200
10 5 200
9 5 200
15 6 200
20 4 200
24 3 194
17 10 200
19 9 200
2 12 200
7 11 200
22 9 200
23 10 50
4 13 200
22 11 200
24 10 200
14 10 200
23 11 179
6 16 200
9 17 200
11 18 170
27 10 200
10 19 200
23 12 200
26 13 200
26 15 200
21 16 200
11 19 188
12 20 200



Attack Power of 15 - Round 7
23 4 200
23 3 140
9 4 200
11 5 200
9 5 200
15 5 200
21 4 200
24 3 191
18 10 200
20 9 200
3 12 200
8 11 200
23 9 200
23 10 20
4 14 200
22 11 185
24 10 200
15 10 200
23 11 173
7 16 200
9 18 200
11 18 155
27 9 200
10 19 200
22 12 200
25 13 200
25 15 200
21 15 200
11 19 182
11 20 200



Attack Power of 15 - Round 8
24 4 200
23 3 125
10 4 200
11 6 200
10 5 200
16 5 200
22 4 200
24 3 185
19 10 200
21 9 200
4 12 200
9 11 200
24 9 200
23 10 -10
5 14 200
22 11 170
24 10 197
16 10 200
23 11 167
7 17 200
9 19 200
11 18 140
27 8 200
10 19 185
22 12 200
24 13 200
24 15 200
21 14 200
11 19 176
10 20 200



Attack Power of 15 - Round 9
24 4 200
23 3 110
10 4 200
12 6 200
10 5 200
16 6 200
23 4 200
24 3 179
20 10 200
22 9 200
5 12 200
9 12 200
24 9 185
23 10 -10
6 14 200
22 11 140
24 10 194
17 10 200
23 11 164
8 17 200
9 20 200
11 18 125
26 8 200
10 19 170
22 12 200
23 13 200
24 14 200
21 13 200
11 19 170
10 20 197



Attack Power of 15 - Round 10
24 4 200
23 3 95
10 4 200
13 6 200
10 5 200
17 6 200
23 5 200
24 3 173
21 10 200
23 9 200
4 12 200
9 13 200
24 9 170
23 10 -10
6 15 200
22 11 110
24 10 191
18 10 200
23 11 161
8 18 200
9 20 200
11 18 110
25 8 200
10 19 155
22 12 200
22 13 200
23 14 200
21 12 200
11 19 164
10 20 194



Attack Power of 15 - Round 11
24 4 200
23 3 80
10 4 200
14 6 200
10 5 200
17 7 200
24 5 200
24 3 167
21 11 185
23 8 200
4 13 200
9 14 200
24 9 140
23 10 -10
6 16 200
22 11 80
24 10 188
19 10 200
23 11 158
8 19 200
9 20 200
11 18 95
24 8 197
10 19 140
22 12 200
21 13 200
23 13 200
21 12 197
11 19 158
10 20 191



Attack Power of 15 - Round 12
24 4 200
23 3 65
10 4 200
15 6 200
10 5 200
18 7 200
24 6 200
24 3 161
21 11 170
23 8 200
4 12 200
9 13 200
24 9 110
23 10 -10
6 15 200
22 11 50
24 10 185
20 10 200
23 11 155
8 20 200
9 20 200
11 18 80
24 8 194
10 19 125
22 12 200
20 13 200
23 12 200
21 12 194
11 19 152
10 20 188



Attack Power of 15 - Round 13
24 4 200
23 3 50
11 4 200
16 6 200
11 5 200
18 8 200
24 7 200
24 3 155
21 11 155
23 8 200
5 12 200
9 12 200
24 9 80
23 10 -10
6 14 200
22 11 20
24 10 182
20 11 185
23 11 152
8 21 200
9 20 200
11 18 65
24 8 188
10 19 110
22 12 200
20 12 200
24 12 200
21 12 191
11 19 146
10 20 185



Attack Power of 15 - Round 14
24 4 200
23 3 35
10 4 200
17 6 200
11 6 200
18 9 200
24 7 200
24 3 149
21 11 140
23 8 200
6 12 200
10 12 200
24 9 50
23 10 -10
6 13 200
22 11 -10
24 10 182
20 11 170
23 11 149
9 21 200
9 20 200
11 18 50
24 8 179
10 19 95
22 12 200
20 12 197
24 11 200
21 12 188
11 19 140
10 20 182



Attack Power of 15 - Round 15
24 4 200
23 3 20
10 4 200
17 7 200
12 6 200
19 9 200
24 7 200
24 3 143
21 11 110
23 8 200
6 11 200
11 12 200
24 9 20
23 10 -10
6 14 200
22 11 -10
24 10 182
20 11 155
22 11 149
10 21 200
9 20 200
11 18 35
24 8 170
10 19 80
23 12 200
20 12 194
23 11 200
21 12 185
11 19 134
10 20 176



Attack Power of 15 - Round 16
24 4 200
23 3 5
10 4 200
18 7 200
13 6 200
19 10 200
24 7 200
24 3 137
21 11 80
23 8 200
7 11 200
11 11 200
24 9 -10
23 10 -10
6 15 200
22 11 -10
24 10 182
20 11 140
22 11 146
10 21 200
9 20 200
11 18 20
24 8 161
10 19 65
23 11 200
20 12 191
23 10 200
21 12 185
11 19 128
10 20 170



Attack Power of 15 - Round 17
24 4 200
23 3 -10
10 4 200
18 8 200
14 6 200
19 11 200
24 7 185
24 3 131
21 11 50
23 8 185
8 11 200
11 10 200
24 9 -10
23 10 -10
6 16 200
22 11 -10
23 10 182
20 11 125
22 11 143
10 21 200
9 20 200
11 18 5
24 8 155
10 19 50
24 11 200
20 12 188
23 9 200
21 12 185
11 19 122
10 20 164



Attack Power of 15 - Round 18
24 4 185
23 3 -10
10 4 200
18 9 200
15 6 200
19 12 200
24 7 170
24 3 128
21 11 20
23 8 170
9 11 200
12 10 200
24 9 -10
23 10 -10
7 16 200
22 11 -10
22 10 182
20 11 110
22 11 140
10 21 200
9 20 200
11 18 -10
24 8 149
10 19 35
24 10 200
20 12 182
23 9 200
21 12 185
11 19 116
10 20 158



Attack Power of 15 - Round 19
24 4 170
23 3 -10
11 4 200
19 9 200
16 6 200
19 12 200
24 7 155
24 3 125
21 11 -10
23 8 155
9 12 200
13 10 200
24 9 -10
23 10 -10
7 17 200
22 11 -10
21 10 182
20 11 80
22 11 137
10 21 200
9 20 200
11 18 -10
24 8 143
10 19 5
23 10 200
20 12 176
23 9 200
21 11 185
11 19 113
10 20 152



Attack Power of 15 - Round 20
24 4 155
23 3 -10
11 5 200
20 9 185
17 6 200
19 12 200
24 7 140
24 3 122
21 11 -10
23 8 140
10 12 200
14 10 200
24 9 -10
23 10 -10
8 17 200
22 11 -10
21 9 182
20 11 50
23 11 137
10 21 200
9 20 185
11 18 -10
24 8 137
10 19 -10
22 10 200
20 12 170
23 9 200
21 11 185
11 19 110
10 20 146



Attack Power of 15 - Round 21
24 4 140
23 3 -10
11 6 200
20 9 170
17 7 200
19 12 200
24 7 125
24 3 119
21 11 -10
23 8 125
11 12 200
15 10 200
24 9 -10
23 10 -10
9 17 200
22 11 -10
21 9 179
20 11 20
23 10 137
10 21 200
9 20 170
11 18 -10
24 8 131
10 19 -10
22 9 200
20 12 164
23 9 200
21 11 185
10 19 110
10 20 140



Attack Power of 15 - Round 22
24 4 125
23 3 -10
12 6 200
20 9 155
18 7 200
19 12 200
24 7 110
24 3 116
21 11 -10
23 8 95
11 13 200
16 10 200
24 9 -10
23 10 -10
10 17 185
22 11 -10
21 9 176
20 11 -10
22 10 137
10 21 200
9 20 155
11 18 -10
24 8 125
10 19 -10
22 8 200
20 12 158
23 9 200
21 11 185
10 18 110
10 20 134



Attack Power of 15 - Round 23
24 4 110
23 3 -10
13 6 200
20 9 140
18 8 200
19 12 185
24 7 110
24 3 113
21 11 -10
23 8 50
11 14 200
17 10 200
24 9 -10
23 10 -10
10 17 170
22 11 -10
21 9 173
20 11 -10
21 10 137
10 21 200
9 20 140
11 18 -10
24 8 119
10 19 -10
22 8 200
20 12 155
23 9 200
20 11 185
10 18 107
10 20 128



Attack Power of 15 - Round 24
24 4 95
23 3 -10
14 6 200
20 9 110
18 9 200
19 12 155
24 7 110
24 3 110
21 11 -10
23 8 5
11 15 200
18 10 200
24 9 -10
23 10 -10
10 17 155
22 11 -10
21 9 170
20 11 -10
20 10 137
10 21 200
9 20 125
11 18 -10
24 8 113
10 19 -10
22 8 200
20 12 152
23 9 200
19 11 185
10 18 104
10 20 122



Attack Power of 15 - Round 25
24 4 80
23 3 -10
15 6 200
20 9 80
19 9 200
19 12 125
24 7 95
24 3 107
21 11 -10
23 8 -10
11 16 200
19 10 200
24 9 -10
23 10 -10
10 17 140
22 11 -10
21 9 170
20 11 -10
20 10 131
10 21 200
9 20 110
11 18 -10
24 8 110
10 19 -10
22 8 200
20 12 149
23 8 200
19 11 185
10 18 101
10 20 116



Attack Power of 15 - Round 26
24 4 65
23 3 -10
16 6 200
20 9 50
18 9 200
19 12 95
24 7 65
24 3 104
21 11 -10
23 8 -10
11 17 200
19 10 200
24 9 -10
23 10 -10
10 17 125
22 11 -10
21 9 170
20 11 -10
20 10 125
10 21 200
9 20 95
11 18 -10
24 8 107
10 19 -10
22 7 200
20 12 146
23 7 200
19 11 185
10 18 98
10 20 110



Attack Power of 15 - Round 27
24 4 50
23 3 -10
17 6 200
20 9 20
18 10 200
19 12 65
24 7 35
24 3 101
21 11 -10
23 8 -10
11 18 200
19 10 200
24 9 -10
23 10 -10
10 17 110
22 11 -10
21 9 170
20 11 -10
20 10 119
10 21 200
9 20 80
11 18 -10
24 8 104
10 19 -10
22 6 200
20 12 143
23 7 200
19 11 185
10 18 92
10 20 104



Attack Power of 15 - Round 28
24 4 35
23 3 -10
17 7 200
20 9 -10
18 11 200
19 12 35
24 7 5
24 3 98
21 11 -10
23 8 -10
11 18 200
19 10 200
24 9 -10
23 10 -10
10 17 95
22 11 -10
21 9 170
20 11 -10
20 10 113
10 21 200
9 20 65
11 18 -10
24 8 101
10 19 -10
23 6 200
20 12 140
23 7 200
19 11 182
10 18 86
10 20 98



Attack Power of 15 - Round 29
24 4 20
23 3 -10
18 7 200
20 9 -10
18 11 200
19 12 5
24 7 -10
24 3 95
21 11 -10
23 8 -10
11 18 200
19 10 185
24 9 -10
23 10 -10
10 17 80
22 11 -10
20 9 170
20 11 -10
20 10 110
10 21 200
9 20 50
11 18 -10
24 7 101
10 19 -10
24 6 200
20 12 137
23 6 200
19 11 179
10 18 80
10 20 92



Attack Power of 15 - Round 30
24 4 -10
23 3 -10
18 8 200
20 9 -10
18 11 200
19 12 -10
24 7 -10
24 3 92
21 11 -10
23 8 -10
11 18 200
19 10 155
24 9 -10
23 10 -10
10 17 65
22 11 -10
19 9 170
20 11 -10
20 10 107
10 21 200
9 20 35
11 18 -10
24 6 101
10 19 -10
24 5 200
20 11 137
23 5 200
19 11 176
10 18 74
10 20 86



Attack Power of 15 - Round 31
24 4 -10
23 3 -10
18 9 200
20 9 -10
18 11 200
19 12 -10
24 7 -10
23 3 92
21 11 -10
23 8 -10
11 18 200
19 10 110
24 9 -10
23 10 -10
10 17 50
22 11 -10
19 9 167
20 11 -10
20 10 104
10 21 200
9 20 20
11 18 -10
23 6 101
10 19 -10
23 5 200
21 11 137
23 4 200
19 11 173
10 18 68
10 20 80



Attack Power of 15 - Round 32
24 4 -10
23 3 -10
18 9 200
20 9 -10
18 11 200
19 12 -10
24 7 -10
22 3 92
21 11 -10
23 8 -10
11 18 200
19 10 65
24 9 -10
23 10 -10
10 17 35
22 11 -10
19 9 164
20 11 -10
20 10 101
10 21 200
9 20 5
11 18 -10
22 6 101
10 19 -10
22 5 200
21 10 137
22 4 200
19 11 170
10 18 62
10 20 74



Attack Power of 15 - Round 33
24 4 -10
23 3 -10
18 9 200
20 9 -10
18 11 200
19 12 -10
24 7 -10
21 3 92
21 11 -10
23 8 -10
11 18 200
19 10 20
24 9 -10
23 10 -10
10 17 20
22 11 -10
19 9 161
20 11 -10
20 10 98
10 21 200
9 20 -10
11 18 -10
21 6 101
10 19 -10
21 5 200
21 9 137
21 4 200
19 11 167
10 18 56
10 20 68



Attack Power of 15 - Round 34
24 4 -10
23 3 -10
18 9 200
20 9 -10
18 11 185
19 12 -10
24 7 -10
20 3 92
21 11 -10
23 8 -10
11 18 200
19 10 -10
24 9 -10
23 10 -10
10 17 5
22 11 -10
19 9 158
20 11 -10
20 10 95
10 21 185
9 20 -10
11 18 -10
20 6 101
10 19 -10
20 5 200
21 8 137
20 4 200
19 11 164
10 18 50
10 20 65



Attack Power of 15 - Round 35
24 4 -10
23 3 -10
18 9 185
20 9 -10
18 11 170
19 12 -10
24 7 -10
19 3 92
21 11 -10
23 8 -10
11 18 200
19 10 -10
24 9 -10
23 10 -10
10 17 -10
22 11 -10
19 9 155
20 11 -10
19 10 95
10 21 170
9 20 -10
11 18 -10
20 5 101
10 19 -10
20 4 200
21 7 137
19 4 200
19 11 161
10 18 44
10 20 62



Attack Power of 15 - Round 36
24 4 -10
23 3 -10
18 9 155
20 9 -10
18 11 155
19 12 -10
24 7 -10
18 3 92
21 11 -10
23 8 -10
11 18 185
19 10 -10
24 9 -10
23 10 -10
10 17 -10
22 11 -10
19 9 152
20 11 -10
18 10 92
10 21 155
9 20 -10
11 18 -10
20 4 101
10 19 -10
20 3 200
21 6 137
18 4 200
19 11 161
10 18 41
10 20 59



Attack Power of 15 - Round 37
24 4 -10
23 3 -10
18 9 125
20 9 -10
18 11 140
19 12 -10
24 7 -10
18 2 92
21 11 -10
23 8 -10
11 18 170
19 10 -10
24 9 -10
23 10 -10
10 17 -10
22 11 -10
19 9 152
20 11 -10
18 10 86
10 21 140
9 20 -10
11 18 -10
20 5 101
10 19 -10
19 3 200
21 7 137
17 4 200
19 11 161
10 18 38
10 20 56



Attack Power of 15 - Round 38
24 4 -10
23 3 -10
18 9 95
20 9 -10
18 11 125
19 12 -10
24 7 -10
17 2 92
21 11 -10
23 8 -10
11 18 155
19 10 -10
24 9 -10
23 10 -10
10 17 -10
22 11 -10
19 9 152
20 11 -10
18 10 80
10 21 125
9 20 -10
11 18 -10
20 6 101
10 19 -10
19 4 200
21 8 137
16 4 200
19 11 161
10 18 35
10 20 53



Attack Power of 15 - Round 39
24 4 -10
23 3 -10
18 9 65
20 9 -10
18 11 110
19 12 -10
24 7 -10
18 2 92
21 11 -10
23 8 -10
11 18 140
19 10 -10
24 9 -10
23 10 -10
10 17 -10
22 11 -10
19 9 152
20 11 -10
18 10 74
10 21 110
9 20 -10
11 18 -10
20 7 101
10 19 -10
18 4 200
21 9 137
16 5 200
19 11 161
10 18 32
10 20 50



Attack Power of 15 - Round 40
24 4 -10
23 3 -10
18 9 35
20 9 -10
18 11 95
19 12 -10
24 7 -10
17 2 92
21 11 -10
23 8 -10
11 18 125
19 10 -10
24 9 -10
23 10 -10
10 17 -10
22 11 -10
19 9 152
20 11 -10
18 10 68
10 21 95
9 20 -10
11 18 -10
20 8 101
10 19 -10
17 4 200
21 10 137
16 6 200
19 11 161
10 18 29
10 20 47



Attack Power of 15 - Round 41
24 4 -10
23 3 -10
18 9 5
20 9 -10
18 11 80
19 12 -10
24 7 -10
16 2 92
21 11 -10
23 8 -10
11 18 110
19 10 -10
24 9 -10
23 10 -10
10 17 -10
22 11 -10
19 9 152
20 11 -10
18 10 62
10 21 80
9 20 -10
11 18 -10
20 9 101
10 19 -10
16 4 200
21 11 137
17 6 200
19 11 161
10 18 26
10 20 44



Attack Power of 15 - Round 42
24 4 -10
23 3 -10
18 9 -10
20 9 -10
18 11 50
19 12 -10
24 7 -10
17 2 92
21 11 -10
23 8 -10
11 18 95
19 10 -10
24 9 -10
23 10 -10
10 17 -10
22 11 -10
19 9 152
20 11 -10
18 10 56
10 21 65
9 20 -10
11 18 -10
20 8 101
10 19 -10
16 5 200
21 12 137
17 7 200
19 11 161
10 18 23
10 20 41



Attack Power of 15 - Round 43
24 4 -10
23 3 -10
18 9 -10
20 9 -10
18 11 20
19 12 -10
24 7 -10
16 2 92
21 11 -10
23 8 -10
11 18 80
19 10 -10
24 9 -10
23 10 -10
10 17 -10
22 11 -10
18 9 152
20 11 -10
18 10 53
10 21 50
9 20 -10
11 18 -10
20 7 101
10 19 -10
16 6 200
21 13 137
17 8 200
19 11 161
10 18 20
10 20 38



Attack Power of 15 - Round 44
24 4 -10
23 3 -10
18 9 -10
20 9 -10
18 11 -10
19 12 -10
24 7 -10
16 3 92
21 11 -10
23 8 -10
11 18 65
19 10 -10
24 9 -10
23 10 -10
10 17 -10
22 11 -10
18 8 152
20 11 -10
18 10 50
10 21 35
9 20 -10
11 18 -10
20 6 101
10 19 -10
16 7 200
21 14 137
17 9 200
19 11 161
10 18 17
10 20 35



Attack Power of 15 - Round 45
24 4 -10
23 3 -10
18 9 -10
20 9 -10
18 11 -10
19 12 -10
24 7 -10
16 4 92
21 11 -10
23 8 -10
11 18 50
19 10 -10
24 9 -10
23 10 -10
10 17 -10
22 11 -10
17 8 152
20 11 -10
17 10 50
10 21 20
9 20 -10
11 18 -10
21 6 101
10 19 -10
15 7 200
21 15 137
16 9 200
18 11 161
10 18 14
10 20 32



Attack Power of 15 - Round 46
24 4 -10
23 3 -10
18 9 -10
20 9 -10
18 11 -10
19 12 -10
24 7 -10
15 4 92
21 11 -10
23 8 -10
11 18 35
19 10 -10
24 9 -10
23 10 -10
10 17 -10
22 11 -10
16 8 152
20 11 -10
17 11 50
10 21 5
9 20 -10
11 18 -10
21 5 101
10 19 -10
14 7 200
21 16 137
16 10 200
18 10 161
10 18 11
10 20 29



Attack Power of 15 - Round 47
24 4 -10
23 3 -10
18 9 -10
20 9 -10
18 11 -10
19 12 -10
24 7 -10
15 5 92
21 11 -10
23 8 -10
11 18 20
19 10 -10
24 9 -10
23 10 -10
10 17 -10
22 11 -10
16 8 152
20 11 -10
16 11 50
10 21 -10
9 20 -10
11 18 -10
21 4 101
10 19 -10
14 8 200
21 17 137
15 10 200
17 10 161
10 18 8
10 20 29



Attack Power of 15 - Round 48
24 4 -10
23 3 -10
18 9 -10
20 9 -10
18 11 -10
19 12 -10
24 7 -10
15 5 92
21 11 -10
23 8 -10
11 18 5
19 10 -10
24 9 -10
23 10 -10
10 17 -10
22 11 -10
16 8 152
20 11 -10
15 11 50
10 21 -10
9 20 -10
11 18 -10
21 4 101
10 19 -10
14 9 200
21 18 137
14 10 200
16 10 161
10 18 5
10 19 29



Round 48, remaining HP 1127, attack power 15
24 4 -10
23 3 -10
18 9 -10
20 9 -10
18 11 -10
19 12 -10
24 7 -10
15 5 92
21 11 -10
23 8 -10
11 18 -10
19 10 -10
24 9 -10
23 10 -10
10 17 -10
22 11 -10
16 8 152
20 11 -10
14 11 50
10 21 -10
9 20 -10
11 18 -10
21 4 101
10 19 -10
13 9 200
21 18 137
13 10 200
15 10 161
10 18 5
10 19 29



Part 2 54096
